275  4  0
    0      25    75    94   102
    1      66    67    62    59
    2      26    72    96    99
    3      24    25    75    94
    4      40    37    74    79
    5      39     8    74    76
    6      15    13    79    90
    7      75    80    94   102
    8      39    46    38    82
    9      13    51    49    50
   10      15     8    74    79
   11      56     2     1    76
   12      59    66    64    63
   13      26    20    72    99
   14      29    36    34    35
   15      40    37    79    90
   16      41    42    44    43
   17       6    68    71    70
   18       6     5    68    70
   19      83    32    87    89
   20      61    56    53    55
   21      20    17    72    77
   22      51    13    49    52
   23      55    61    57    54
   24      66    67    64    63
   25      77    54    81    85
   26       9     8    79    88
   27      39    37    72    96
   28       2    51    13    50
   29      27    17    20    77
   30      37    15    39    74
   31      61    58    57    60
   32       3    20    76    78
   33      14    40    74    79
   34      21    77    81    85
   35      58    66    59    63
   36      39     8    76    88
   37      58    66    61    59
   38      61    66    62    59
   39      75    43    80   102
   40      89    80    91   102
   41       8     2     9    79
   42      66    58    61    60
   43       2    51    50     9
   44       8    15    13    79
   45       0    56     2    92
   46      33    80    89    95
   47      33    89    93    95
   48      30    27    19    16
   49      20    72    76    78
   50      20    90    96    99
   51      37    39    38    74
   52      25    30    24    75
   53      45    42    43    80
   54      42    39    43    80
   55      28    45    43    80
   56      39    54    76    78
   57      45    47    73    98
   58      11    48    45    98
   59      69    68    63    71
   60       1    76    80    92
   61      42    44    43    19
   62      15     8     3    76
   63      46    42    39    38
   64       8    15    74    76
   65      19    18    16    17
   66       7     6     4    68
   67      17    27    72    77
   68       8     2    76    88
   69       3    55    76   103
   70      14    40    79    90
   71      19    18    17    72
   72      72    20    77    78
   73      27    30    34    16
   74      77    54    78    81
   75      54    57    78    81
   76      36    27    34    16
   77       6     5     4    68
   78       8    39    74    88
   79      57    61    60    54
   80      80    89    91    97
   81      53    61    55    54
   82      11    45    73    98
   83       3    55    57    78
   84      17    26    20    72
   85      29    24    22    23
   86      33     1    80    95
   87      42    41    44    19
   88      41    42    18    19
   89      44    30    43    19
   90      94    25   102    22
   91      27    29    36    34
   92      80    53    83    92
   93      42    39    18    19
   94       7    69     6    68
   95      39    42    43    19
   96      66    67    63    71
   97      46     1    39    80
   98      69     6    68    71
   99      34    30    19    16
  100      83    80    92    95
  101      26    27    17    20
  102      66    67    59    64
  103      46    47    38    82
  104      12    74    82    88
  105      21    86    87    94
  106       1    56    76    92
  107      21    29    22    23
  108      55     3    76    78
  109      12     9    79    88
  110      72    20    96    99
  111       2     8    13    79
  112      40    26    96    99
  113       9     1    73    84
  114      10    11     1    84
  115      37    40    96    99
  116      61    62    56   101
  117      56    53    55    76
  118      39    15    20    76
  119      15    39    74    76
  120      57    55    54    78
  121      39    38    74    82
  122      25    21    29    22
  123      58    59    64    63
  124      91    89    93    97
  125      89    80    93    97
  126      67    69    64    71
  127      64    69    63    71
  128      67    64    63    71
  129      68    63    71    70
  130      25    29    24    22
  131       2     8     9    88
  132       2    51     9    79
  133      58    66    63    65
  134      66    58    60    65
  135      63    66    71    65
  136      63    71    70    65
  137      72    39    76    78
  138      54    39    72    78
  139      51     2    13    79
  140      39    37    18    72
  141      55    56    76   100
  142      25    21    22    94
  143      51    12     9    79
  144      39    18    19    72
  145      76    55   100   103
  146      54    72    77    78
  147      54    55    76    78
  148      27    19    16    72
  149      16    19    17    72
  150      27    16    17    72
  151      40    37    90    99
  152      42    45    46    80
  153      45    11    73    80
  154      47    45    73    80
  155       1    47    73    80
  156      11     1    73    80
  157      61    56    55   101
  158      53    39    54    76
  159      55    53    54    76
  160      13    14    90    15
  161      39    20    72    76
  162      13    14    52    79
  163      15     3    20    76
  164      51    13    52    79
  165      25    28    75   102
  166      74    14    79    12
  167       1    11    73    84
  168      27    30    19    77
  169      27    19    72    77
  170       0     2     1    92
  171      38    12    74    82
  172      39    46    82    88
  173      31    91    93    97
  174      37    15    90    96
  175      39    54    72    77
  176      74    39    82    88
  177       2     1    76    88
  178      74    12    79    88
  179      42    46    39    80
  180      47     1    46    80
  181      45    47    46    80
  182      15    20    90    96
  183       2    56     1    92
  184      39    54    77    85
  185      32    33    93    95
  186      80     1    92    95
  187      80    83    89    95
  188      15    37    39    96
  189      39     1    76    80
  190      48    47    45    98
  191      56     0     2   100
  192      29    25    24    94
  193      21    25    29    94
  194      30    24    75    94
  195      80    33    89    93
  196      83    32    89    93
  197       2     9     1    88
  198      89    83    93    95
  199       1    46    39    88
  200       1    39    76    88
  201       1     9    73    88
  202       8    74    79    88
  203      33     0     1    95
  204      90    37    96    99
  205      33    32     0    95
  206      72    39    77    85
  207      13    14    79    90
  208       1     0    92    95
  209      83    32    93    95
  210      47     1    73    88
  211       1    47    46    88
  212      46    47    82    88
  213      80    33    93    97
  214      31    28    91    97
  215       1    10    84     9
  216      37    15    74    90
  217      74    15    79    90
  218      37    74    79    90
  219      15    39    20    96
  220      33    31    93    97
  221      56     2    76   100
  222      56    53    76    92
  223      62    61    59   101
  224      20    39    72    96
  225      39    53    80    92
  226      53    39    76    92
  227      76    39    80    92
  228      83    80    89    94
  229      87    83    89    94
  230      32    87    89    94
  231      21    85    86    94
  232      30    29    24    94
  233      43    75    80    94
  234      86    83    87    94
  235      43    30    75    94
  236      21    77    85    94
  237      27    21    29    94
  238      30    27    29    94
  239      53    83    86    94
  240      53    80    83    94
  241      30    43    19    94
  242      27    30    77    94
  243      21    27    77    94
  244      30    19    77    94
  245      39    43    80    94
  246      53    39    80    94
  247      43    39    19    94
  248      39    54    85    94
  249      85    54    86    94
  250      19    72    77    94
  251      77    72    85    94
  252      39    53    54    94
  253      54    53    86    94
  254      19    39    72    94
  255      72    39    85    94
  256      80    89    94   102
  257      61    58    59   101
  258      27    30    29    34
  259      40    37    38    74
  260      59    58    57   101
  261      55    59    57   101
  262      61    55    57   101
  263      58    61    57   101
  264      28    43    75   102
  265      43    28    80   102
  266      91    80    97   102
  267      28    91    97   102
  268      80    28    97   102
  269      32    87    94    21
  270      21    27    20    77
  271      30    29    34    35
  272      45    11    80    28
  273      25   102    22    28
  274      13     2    50    49
# Generated by tetgen.exe lowRes82/arbol.ply 