104  3  0  0
   0    -109.102  -33.816499999999998  -51.4114
   1    -132.15700000000001  -45.976399999999998  17.4071
   2    -135.983  2.2692100000000002  -5.4571500000000004
   3    -14.3118  50.764200000000002  -56.436300000000003
   4    18.901299999999999  19.606200000000001  -203.684
   5    10.9366  -8.6190099999999994  -203.119
   6    -10.5273  -4.5006500000000003  -203.60499999999999
   7    -15.117599999999999  22.093499999999999  -203.762
   8    -91.9238  67.260000000000005  -24.040900000000001
   9    -178.68000000000001  23.866900000000001  78.934600000000003
  10    -180.86799999999999  -92.329400000000007  61.7761
  11    -157.55099999999999  -122.248  49.335299999999997
  12    -139.76400000000001  72.361900000000006  123.282
  13    -115.95699999999999  131.90600000000001  -6.7820900000000002
  14    -125.146  203.02600000000001  21.575299999999999
  15    -32.574399999999997  125.619  -17.033200000000001
  16    168.60499999999999  -64.320499999999996  118.81
  17    143.04300000000001  80.626099999999994  124.248
  18    40.43  7.9331899999999997  196.67400000000001
  19    101.851  -93.890500000000003  142.66999999999999
  20    38.945300000000003  118.039  -11.5763
  21    105.158  -66.215000000000003  -48.703499999999998
  22    90.193399999999997  -167.45400000000001  -68.148600000000002
  23    154.488  -135.66800000000001  -63.492199999999997
  24    118.006  -144.18600000000001  29.594200000000001
  25    71.3125  -168.24100000000001  2.8648799999999999
  26    112.27800000000001  179.35400000000001  46.9771
  27    173.19999999999999  -62.6008  16.693899999999999
  28    -17.786200000000001  -151.28999999999999  45.452500000000001
  29    151.31  -104.03400000000001  -1.91571
  30    96.625  -119.26600000000001  105.741
  31    -25.733599999999999  -145.251  25.598700000000001
  32    -13.776999999999999  -80.363500000000002  -75.027100000000004
  33    -66.436800000000005  -121.062  -4.2479399999999998
  34    164.77699999999999  -127.45  93.700699999999998
  35    170.054  -147.97800000000001  46.695799999999998
  36    202.17099999999999  -88.510300000000001  49.587899999999998
  37    -8.5117799999999999  113.105  164.99799999999999
  38    -109.315  12.5449  181.315
  39    -43.327199999999998  7.97438  162.71100000000001
  40    11.6775  221.05199999999999  103.098
  41    22.105  -68.144000000000005  193.87700000000001
  42    -34.850000000000001  -33.495600000000003  172.816
  43    7.6924200000000003  -132.41800000000001  97.498099999999994
  44    52.885100000000001  -114.017  156.05099999999999
  45    -94.312100000000001  -125.23999999999999  102.73099999999999
  46    -102.42100000000001  -61.4878  160.59800000000001
  47    -147.13399999999999  -67.915999999999997  122.572
  48    -169.40799999999999  -90.532799999999995  91.085300000000004
  49    -163.28800000000001  119.762  -47.625300000000003
  50    -216.90100000000001  95.188999999999993  -30.325900000000001
  51    -177.98500000000001  143.684  40.218899999999998
  52    -134.571  176.506  6.1951799999999997
  53    -8.1181699999999992  -20.3918  -51.756500000000003
  54    12.735200000000001  -8.5954300000000003  -52.417099999999998
  55    -17.058900000000001  33.733499999999999  -55.338500000000003
  56    -40.8919  1.3110599999999999  -53.346400000000003
  57    4.1255899999999999  31.452200000000001  -63.217100000000002
  58    0.97800299999999996  19.9847  -92.865899999999996
  59    -21.226500000000001  27.645600000000002  -95.794899999999998
  60    8.9175299999999993  7.0735999999999999  -81.765699999999995
  61    -15.8842  -4.7228000000000003  -81.105099999999993
  62    -38.3294  13.2141  -98.896500000000003
  63    4.2397200000000002  19.726800000000001  -124.495
  64    -5.8846800000000004  27.387599999999999  -127.42400000000001
  65    12.1409  0.96658699999999997  -122.199
  66    -12.734500000000001  -4.9807499999999996  -112.73399999999999
  67    -22.9877  12.956099999999999  -130.52600000000001
  68    10.8833  14.696400000000001  -151.00399999999999
  69    -10.790699999999999  17.183700000000002  -151.08199999999999
  70    4.3633100000000002  -2.10379  -146.846
  71    -6.2003000000000004  2.01458  -147.33199999999999
  72    79.125884375712616  100.25698249736945  116.05026748409679
  73    -153.86446162022344  -81.913100048660397  64.661512830034454
  74    -114.71005925562346  77.459107667003835  126.87717882790004
  75    25.123392662987797  -139.27949057924818  68.063529141050353
  76    -49.971985688992802  36.550973300617983  -41.494999550370039
  77    45.423099999999998  -7.7254000000000005  -52.569900000000004
  78    4.490653363425352  32.353723440310382  -55.2192927616126
  79    -136.18228500756874  144.19214924769153  42.524900325418386
  80    -64.259584729921272  -108.49691426401637  34.056543478715426
  81    45.30405180479594  -8.3546804335298503  -57.301694010475586
  82    -142.42366089998646  21.738881579075866  123.02577757951283
  83    -12.379487060165701  -48.442021961547752  -50.188983810371617
  84    -163.62784857816092  -80.224330052859798  57.84826626056882
  85    34.179210973967798  -21.964368090983022  -51.555467598115108
  86    27.598428984545407  -34.840106811473419  -50.793872320234549
  87    22.413811041292035  -53.703156417536171  -49.749252773645502
  88    -144.07944314220552  25.146070553758406  105.34121294182674
  89    -15.781600000000001  -115.82675  -14.787300000000002
  90    -17.84578014052444  147.45252483588558  -0.10271686435167737
  91    -17.214713009551421  -141.17986031426437  28.278868349184698
  92    -37.482023321510752  -24.295404385823804  -51.656152590110189
  93    -20.725903634074214  -118.07463732632945  -16.545676576817385
  94    43.685899999999997  -108.7525  -1.6255000000000024
  95    -37.669191370854918  -44.617936807483233  -50.508604786302335
  96    38.953852955988083  139.13825146962978  118.62042798575033
  97    -30.949218563575975  -143.11144258981852  32.005434304245085
  98    -151.79195221809513  -92.210505127536237  89.824275202940555
  99    27.627042638339724  160.79740535711389  36.022451647299732
 100    -53.706293738778548  15.612740708095281  -54.34796817257493
 101    -32.226311162186427  19.101677682641771  -86.398517178840009
 102    -3.9136013128214575  -141.69043098160211  34.828262321524861
 103    -24.318303417538097  41.835459860114611  -55.905847706168075
# Generated by tetgen.exe lowRes82/arbol.ply 