104 3 3 0
#node
#format ascii 1.0
#comment Made by nodeExport.ms based 
#comment Object Object001 exported on 20/05/2018 12:56:19
#element vertex 104
#property float x
#property float y
#property float z
#property uchar red
#property uchar green
#property uchar blue
#element face 204
#property list uchar int vertex_index
#end_header
0 -109.102 -33.8165 -51.4114 230 171 1
1 -132.157 -45.9764 17.4071 230 171 1
2 -135.983 2.26921 -5.45715 250 250 255
3 -14.3118 50.7642 -56.4363 250 250 255
4 18.9013 19.6062 -203.684 250 250 255
5 10.9366 -8.61901 -203.119 250 250 255
6 -10.5273 -4.50065 -203.605 250 250 255
7 -15.1176 22.0935 -203.762 250 250 255
8 -91.9238 67.26 -24.0409 250 250 255
9 -178.68 23.8669 78.9346 250 250 255
10 -180.868 -92.3294 61.7761 230 171 1
11 -157.551 -122.248 49.3353 146 117 1
12 -139.764 72.3619 123.282 146 117 1
13 -115.957 131.906 -6.78209 230 171 1
14 -125.146 203.026 21.5753 250 250 255
15 -32.5744 125.619 -17.0332 250 250 255
16 168.605 -64.3205 118.81 146 117 1
17 143.043 80.6261 124.248 146 117 1
18 40.43 7.93319 196.674 146 117 1
19 101.851 -93.8905 142.67 146 117 1
20 38.9453 118.039 -11.5763 250 250 255
21 105.158 -66.215 -48.7035 250 250 255
22 90.1934 -167.454 -68.1486 230 171 1
23 154.488 -135.668 -63.4922 230 171 1
24 118.006 -144.186 29.5942 250 250 255
25 71.3125 -168.241 2.86488 146 117 1
26 112.278 179.354 46.9771 146 117 1
27 173.2 -62.6008 16.6939 250 250 255
28 -17.7862 -151.29 45.4525 230 171 1
29 151.31 -104.034 -1.91571 250 250 255
30 96.625 -119.266 105.741 230 171 1
31 -25.7336 -145.251 25.5987 250 250 255
32 -13.777 -80.3635 -75.0271 250 250 255
33 -66.4368 -121.062 -4.24794 250 250 255
34 164.777 -127.45 93.7007 230 171 1
35 170.054 -147.978 46.6958 230 171 1
36 202.171 -88.5103 49.5879 146 117 1
37 -8.51178 113.105 164.998 146 117 1
38 -109.315 12.5449 181.315 146 117 1
39 -43.3272 7.97438 162.711 146 117 1
40 11.6775 221.052 103.098 146 117 1
41 22.105 -68.144 193.877 146 117 1
42 -34.85 -33.4956 172.816 146 117 1
43 7.69242 -132.418 97.4981 146 117 1
44 52.8851 -114.017 156.051 146 117 1
45 -94.3121 -125.24 102.731 146 117 1
46 -102.421 -61.4878 160.598 146 117 1
47 -147.134 -67.916 122.572 146 117 1
48 -169.408 -90.5328 91.0853 230 171 1
49 -163.288 119.762 -47.6253 250 250 255
50 -216.901 95.189 -30.3259 250 250 255
51 -177.985 143.684 40.2189 250 250 255
52 -134.571 176.506 6.19518 250 250 255
53 -8.11817 -20.3918 -51.7565 250 250 255
54 12.7352 -8.59543 -52.4171 250 250 255
55 -17.0589 33.7335 -55.3385 250 250 255
56 -40.8919 1.31106 -53.3464 250 250 255
57 4.12559 31.4522 -63.2171 250 250 255
58 0.978003 19.9847 -92.8659 250 250 255
59 -21.2265 27.6456 -95.7949 250 250 255
60 8.91753 7.0736 -81.7657 250 250 255
61 -15.8842 -4.7228 -81.1051 250 250 255
62 -38.3294 13.2141 -98.8965 250 250 255
63 4.23972 19.7268 -124.495 250 250 255
64 -5.88468 27.3876 -127.424 250 250 255
65 12.1409 0.966587 -122.199 250 250 255
66 -12.7345 -4.98075 -112.734 250 250 255
67 -22.9877 12.9561 -130.526 250 250 255
68 10.8833 14.6964 -151.004 240 250 255
69 -10.7907 17.1837 -151.082 248 250 255
70 4.36331 -2.10379 -146.846 249 250 255
71 -6.2003 2.01458 -147.332 250 250 255
72 79.1259 100.257 116.05 230 171 1
73 -153.865 -81.9131 64.6615 145 117 1
74 -114.71 77.4591 126.877 144 117 1
75 25.1234 -139.279 68.0635 148 117 1
76 -49.972 36.551 -41.495 251 250 255
77 45.4231 -7.7254 -52.5699 248 250 255
78 4.49065 32.3537 -55.2193 249 250 255
79 -136.182 144.192 42.5249 229 171 1
80 -64.2596 -108.497 34.0565 228 171 1
81 45.3041 -8.35468 -57.3017 247 250 255
82 -142.424 21.7389 123.026 144 117 1
83 -12.3795 -48.442 -50.189 252 250 255
84 -163.628 -80.2243 57.8483 228 171 1
85 34.1792 -21.9644 -51.5555 251 252 255
86 27.5984 -34.8401 -50.7939 252 251 255
87 22.4138 -53.7032 -49.7492 252 251 255
88 -144.079 25.1461 105.341 148 118 1
89 -15.7816 -115.827 -14.7873 252 252 255
90 -17.8458 147.452 -0.102717 231 172 1
91 -17.2147 -141.18 28.2789 228 169 1
92 -37.482 -24.2954 -51.6562 248 249 255
93 -20.7259 -118.075 -16.5457 249 248 255
94 43.6859 -108.753 -1.6255 251 252 255
95 -37.6692 -44.6179 -50.5086 251 252 255
96 38.9538 139.138 118.62 148 118 1
97 -30.9492 -143.111 32.0054 228 170 1
98 -151.792 -92.2105 89.8243 229 170 1
99 27.627 160.797 36.0224 251 252 255
100 -53.7063 15.6127 -54.348 248 249 255
101 -32.2263 19.1017 -86.3985 249 251 255
102 -3.9136 -141.69 34.8283 231 172 1
103 -24.3183 41.8355 -55.9058 252 251 255