204  1
    0      1     0     2    1
    1     14    13    15    1
    2      5     4     6    1
    3      7     6     4    1
    4     89    32    93    1
    5     53    83    86    1
    6      8     2    76    1
    7     94    21    32    1
    8      8    15    13    1
    9     17    16    18    1
   10     19    18    16    1
   11      8     3    15    1
   12     15     3    20    1
   13     13    49     2    1
   14     23    22    24    1
   15     25    24    22    1
   16     26    20    27    1
   17     21    27    20    1
   18     92     0    95    1
   19     27    21    29    1
   20     29    21    23    1
   21     23    21    22    1
   22     77    20    78    1
   23     24    25    30    1
   24     26    72    96    1
   25     33     0     1    1
   26     40    14    90    1
   27     33    32     0    1
   28     26    27    17    1
   29     16    17    27    1
   30     43    30    75    1
   31     23    24    29    1
   32     24    30    29    1
   33     35    34    36    1
   34     16    36    34    1
   35     27    29    36    1
   36     35    36    29    1
   37     27    36    16    1
   38     34    35    30    1
   39     19    16    34    1
   40     38    37    39    1
   41     62    59   101    1
   42     90    20    99    1
   43     39    37    18    1
   44     21    86    87    1
   45     13     2     8    1
   46     42    41    43    1
   47     44    43    41    1
   48     41    42    18    1
   49     39    18    42    1
   50     30    44    19    1
   51     18    19    41    1
   52     44    41    19    1
   53     40    37    38    1
   54     46    45    47    1
   55     48    47    45    1
   56     50    49    51    1
   57     52    51    49    1
   58      2     9     1    1
   59     11     1    10    1
   60     22    21    94    1
   61     31    28    91    1
   62      0    32    95    1
   63      0    56   100    1
   64     38    12    74    1
   65     28    11    45    1
   66     48    45    11    1
   67     43    45    42    1
   68     42    45    46    1
   69     39    42    38    1
   70     46    38    42    1
   71     45    43    28    1
   72     46    47    38    1
   73     81    54    85    1
   74      1     9    10    1
   75     52    49    13    1
   76      9     2    50    1
   77     49    50     2    1
   78     12     9    51    1
   79     50    51     9    1
   80     57    54    81    1
   81     14    52    13    1
   82     28    43    75    1
   83      1    11    80    1
   84     32    21    87    1
   85      9    73    84    1
   86     56    62   101    1
   87     55     3   103    1
   88     55    57     3    1
   89     20     3    78    1
   90     80    28    97    1
   91     58    57    59    1
   92     55    59    57    1
   93     54    57    60    1
   94     58    60    57    1
   95     53    54    61    1
   96     60    61    54    1
   97     62    56    61    1
   98     53    61    56    1
   99     76   100   103    1
  100     63    58    64    1
  101     59    64    58    1
  102     60    58    65    1
  103     63    65    58    1
  104     61    60    66    1
  105     65    66    60    1
  106     67    62    66    1
  107     61    66    62    1
  108     64    59    67    1
  109     62    67    59    1
  110     68    63    69    1
  111     64    69    63    1
  112     65    63    70    1
  113     68    70    63    1
  114     66    65    71    1
  115     70    71    65    1
  116     66    71    67    1
  117     64    67    69    1
  118     71    69    67    1
  119      4    68     7    1
  120     69     7    68    1
  121     70    68     5    1
  122      4     5    68    1
  123     71    70     6    1
  124      5     6    70    1
  125      7    69     6    1
  126     71     6    69    1
  127     44    30    43    1
  128      3     8    76    1
  129    100    55   103    1
  130     59    55   101    1
  131     12    38    82    1
  132     25    22    28    1
  133     21    77    81    1
  134     30    19    34    1
  135     12    14    74    1
  136     18    37    72    1
  137     33    80    97    1
  138     40    90    99    1
  139     17    18    72    1
  140     26    17    72    1
  141     32    33    93    1
  142     21    81    85    1
  143     21    20    77    1
  144     14    40    74    1
  145     25    28    75    1
  146     30    25    75    1
  147     55    56   101    1
  148     52    14    79    1
  149      3    57    78    1
  150     73    11    84    1
  151     51    52    79    1
  152     12    51    79    1
  153     33     1    80    1
  154     11    73    98    1
  155     21    85    86    1
  156     78    57    81    1
  157     77    78    81    1
  158     38    47    82    1
  159     83    53    92    1
  160     73    47    98    1
  161     10     9    84    1
  162     11    10    84    1
  163     86    83    87    1
  164      9    12    88    1
  165     12    82    88    1
  166     54    53    86    1
  167     85    54    86    1
  168     83    32    87    1
  169     73     9    88    1
  170     82    47    88    1
  171     47    73    88    1
  172     32    83    95    1
  173     15    20    90    1
  174     14    15    90    1
  175     72    37    96    1
  176     83    92    95    1
  177     53    56    92    1
  178     56     0    92    1
  179     33    31    93    1
  180     91    89    93    1
  181     31    91    93    1
  182     38    74    40    1
  183     32    89    94    1
  184     40    26    96    1
  185     37    40    96    1
  186     31    33    97    1
  187     28    31    97    1
  188     48    11    98    1
  189     47    48    98    1
  190     26    40    99    1
  191     20    26    99    1
  192      2     0   100    1
  193     76     2   100    1
  194     56    55   100    1
  195     91    28   102    1
  196     94    89   102    1
  197     89    91   102    1
  198      3    76   103    1
  199     28    80    11    1
  200     12    79    14    1
  201     29    30    35    1
  202    102    22    94    1
  203     22   102    28    1
# Generated by tetgen.exe lowRes82/arbol.ply 